CPU Result 49.591000 ms:
10000.000000 
GPU Result 1.154912 ms:
10000.000000 
CPU Result 50.984001 ms:
10000.000000 10000.000000 
GPU Result 1.178304 ms:
10000.000000 10000.000000 
CPU Result 50.853001 ms:
10000.000000 10000.000000 10000.000000 
GPU Result 1.223968 ms:
10000.000000 10000.000000 10000.000000 
CPU Result 50.730000 ms:
10000.000000 10000.000000 10000.000000 10000.000000 
GPU Result 1.272640 ms:
10000.000000 10000.000000 10000.000000 10000.000000 
CPU Result 51.206001 ms:
10000.000000 10000.000000 10000.000000 10000.000000 10000.000000 
GPU Result 1.307232 ms:
10000.000000 10000.000000 10000.000000 10000.000000 10000.000000 
CPU Result 50.880001 ms:
10000.000000 10000.000000 10000.000000 10000.000000 10000.000000 10000.000000 
GPU Result 1.371840 ms:
10000.000000 10000.000000 10000.000000 10000.000000 10000.000000 10000.000000 
CPU Result 50.764999 ms:
10000.000000 10000.000000 10000.000000 10000.000000 10000.000000 10000.000000 10000.000000 
GPU Result 1.440928 ms:
10000.000000 10000.000000 10000.000000 10000.000000 10000.000000 10000.000000 10000.000000 
CPU Result 50.785999 ms:
10000.000000 10000.000000 10000.000000 10000.000000 10000.000000 10000.000000 10000.000000 10000.000000 
GPU Result 3.077440 ms:
10000.000000 10000.000000 10000.000000 10000.000000 10000.000000 10000.000000 10000.000000 10000.000000 
CPU Result 50.873001 ms:
10000.000000 10000.000000 10000.000000 10000.000000 10000.000000 10000.000000 10000.000000 10000.000000 10000.000000 
GPU Result 1.610752 ms:
10000.000000 10000.000000 10000.000000 10000.000000 10000.000000 10000.000000 10000.000000 10000.000000 10000.000000 
CPU Result 51.125000 ms:
10000.000000 10000.000000 10000.000000 10000.000000 10000.000000 10000.000000 10000.000000 10000.000000 10000.000000 10000.000000 
GPU Result 1.727904 ms:
10000.000000 10000.000000 10000.000000 10000.000000 10000.000000 10000.000000 10000.000000 10000.000000 10000.000000 10000.000000 
CPU Result 50.712002 ms:
10000.000000 10000.000000 10000.000000 10000.000000 10000.000000 10000.000000 10000.000000 10000.000000 10000.000000 10000.000000 10000.000000 
GPU Result 1.838752 ms:
10000.000000 10000.000000 10000.000000 10000.000000 10000.000000 10000.000000 10000.000000 10000.000000 10000.000000 10000.000000 10000.000000 
CPU Result 51.332001 ms:
10000.000000 10000.000000 10000.000000 10000.000000 10000.000000 10000.000000 10000.000000 10000.000000 10000.000000 10000.000000 10000.000000 10000.000000 
GPU Result 2.680992 ms:
10000.000000 10000.000000 10000.000000 10000.000000 10000.000000 10000.000000 10000.000000 10000.000000 10000.000000 10000.000000 10000.000000 10000.000000 
CPU Result 50.535999 ms:
10000.000000 10000.000000 10000.000000 10000.000000 10000.000000 10000.000000 10000.000000 10000.000000 10000.000000 10000.000000 10000.000000 10000.000000 10000.000000 
GPU Result 2.209824 ms:
10000.000000 10000.000000 10000.000000 10000.000000 10000.000000 10000.000000 10000.000000 10000.000000 10000.000000 10000.000000 10000.000000 10000.000000 10000.000000 
CPU Result 50.435001 ms:
10000.000000 10000.000000 10000.000000 10000.000000 10000.000000 10000.000000 10000.000000 10000.000000 10000.000000 10000.000000 10000.000000 10000.000000 10000.000000 10000.000000 
GPU Result 2.478240 ms:
10000.000000 10000.000000 10000.000000 10000.000000 10000.000000 10000.000000 10000.000000 10000.000000 10000.000000 10000.000000 10000.000000 10000.000000 10000.000000 10000.000000 
CPU Result 50.365002 ms:
10000.000000 10000.000000 10000.000000 10000.000000 10000.000000 10000.000000 10000.000000 10000.000000 10000.000000 10000.000000 10000.000000 10000.000000 10000.000000 10000.000000 10000.000000 
GPU Result 2.711840 ms:
10000.000000 10000.000000 10000.000000 10000.000000 10000.000000 10000.000000 10000.000000 10000.000000 10000.000000 10000.000000 10000.000000 10000.000000 10000.000000 10000.000000 10000.000000 
CPU Result 50.639999 ms:
10000.000000 10000.000000 10000.000000 10000.000000 10000.000000 10000.000000 10000.000000 10000.000000 10000.000000 10000.000000 10000.000000 10000.000000 10000.000000 10000.000000 10000.000000 10000.000000 
GPU Result 13.756832 ms:
10000.000000 10000.000000 10000.000000 10000.000000 10000.000000 10000.000000 10000.000000 10000.000000 10000.000000 10000.000000 10000.000000 10000.000000 10000.000000 10000.000000 10000.000000 10000.000000 
CPU Result 50.949001 ms:
10000.000000 10000.000000 10000.000000 10000.000000 10000.000000 10000.000000 10000.000000 10000.000000 10000.000000 10000.000000 10000.000000 10000.000000 10000.000000 10000.000000 10000.000000 10000.000000 10000.000000 
GPU Result 3.231936 ms:
10000.000000 10000.000000 10000.000000 10000.000000 10000.000000 10000.000000 10000.000000 10000.000000 10000.000000 10000.000000 10000.000000 10000.000000 10000.000000 10000.000000 10000.000000 10000.000000 10000.000000 
CPU Result 50.544998 ms:
10000.000000 10000.000000 10000.000000 10000.000000 10000.000000 10000.000000 10000.000000 10000.000000 10000.000000 10000.000000 10000.000000 10000.000000 10000.000000 10000.000000 10000.000000 10000.000000 10000.000000 10000.000000 
GPU Result 3.700128 ms:
10000.000000 10000.000000 10000.000000 10000.000000 10000.000000 10000.000000 10000.000000 10000.000000 10000.000000 10000.000000 10000.000000 10000.000000 10000.000000 10000.000000 10000.000000 10000.000000 10000.000000 10000.000000 
CPU Result 50.919998 ms:
10000.000000 10000.000000 10000.000000 10000.000000 10000.000000 10000.000000 10000.000000 10000.000000 10000.000000 10000.000000 10000.000000 10000.000000 10000.000000 10000.000000 10000.000000 10000.000000 10000.000000 10000.000000 10000.000000 
GPU Result 3.849760 ms:
10000.000000 10000.000000 10000.000000 10000.000000 10000.000000 10000.000000 10000.000000 10000.000000 10000.000000 10000.000000 10000.000000 10000.000000 10000.000000 10000.000000 10000.000000 10000.000000 10000.000000 10000.000000 10000.000000 
CPU Result 50.741001 ms:
10000.000000 10000.000000 10000.000000 10000.000000 10000.000000 10000.000000 10000.000000 10000.000000 10000.000000 10000.000000 10000.000000 10000.000000 10000.000000 10000.000000 10000.000000 10000.000000 10000.000000 10000.000000 10000.000000 10000.000000 
GPU Result 5.491296 ms:
10000.000000 10000.000000 10000.000000 10000.000000 10000.000000 10000.000000 10000.000000 10000.000000 10000.000000 10000.000000 10000.000000 10000.000000 10000.000000 10000.000000 10000.000000 10000.000000 10000.000000 10000.000000 10000.000000 10000.000000 
